1878	1878	1880	1882	1882	1882	1883	1877	1883	1880	1888	1871	2047	1885	1887	1890
1879	1881	1880	1887	1881	1901	1881	1890	1881	1884	1877	1886	2048	1879	1886	1891
1881	1881	1879	1886	1885	1877	1889	1888	1884	1890	1877	1886	2050	1885	1883	1882
1882	1882	1892	1889	1882	1880	1879	1889	1885	1890	1884	1887	2048	1882	1884	1892
1883	1884	1890	1884	1879	1879	1901	1888	1880	1889	1879	1888	2047	1889	1885	1899
1895	1884	1883	1880	1891	1885	1881	1883	1885	1880	1895	1882	2042	1884	1886	1878
1887	1885	1882	1882	1880	1884	1882	1883	1885	1900	1881	1885	2048	1884	1898	1891
1885	1884	1883	1885	1885	1884	1884	1880	1890	1888	1880	1884	2029	1886	1884	1893
1889	1888	1887	1887	1889	1880	1882	1886	1892	1889	1876	1889	2044	1887	1883	1886
1890	1892	1883	1883	1899	1884	1887	1887	1885	1885	1886	1889	2041	1895	1888	1891
1887	1889	1883	1889	1893	1883	1889	1888	1884	1891	1886	1890	2051	1888	1886	1885
1889	1889	1888	1884	1886	1880	1887	1891	1887	1884	1887	1888	2048	1882	1885	1889
1888	1885	1890	1882	1884	1884	1885	1893	1890	1887	1887	1890	2048	1901	1894	1894
1886	1900	1894	1885	1888	1901	1885	1888	1888	1895	1883	1885	2051	1892	1887	1885
1905	1884	1892	1883	1885	1879	1886	1889	1892	1881	1883	1884	2049	1883	1889	1893
1876	1885	1884	1891	1892	1882	1888	1898	1885	1889	1883	1886	2043	1893	1887	1890
1892	1889	1890	1886	1883	1884	1890	1896	1884	1872	1886	1891	2046	1868	1889	1890
1889	1909	1890	1886	1882	1890	1887	1886	1889	1887	1886	1889	2050	1908	1885	1885
1889	1885	1891	1888	1885	1890	1886	1885	1887	1890	1891	1891	2052	1893	1886	1892
1891	1894	1891	1893	1886	1890	1902	1881	1893	1887	1888	1866	2050	1890	1884	1890
1889	1887	1890	1889	1882	1882	1887	1882	1886	1887	1886	1883	2047	1890	1887	1902
1894	1888	1885	1886	1887	1885	1873	1889	1886	1886	1893	1886	2049	1895	1899	1888
1895	1891	1889	1888	1895	1889	1883	1887	1891	1884	1887	1883	2047	1894	1894	1879
1885	1885	1887	1893	1886	1882	1881	1889	1890	1878	1891	1893	2050	1873	1892	1891
1887	1885	1888	1886	1882	1881	1882	1886	1891	1881	1881	1886	2047	1882	1897	1886
1888	1886	1885	1881	1883	1882	1886	1889	1884	1887	1884	1886	2049	1884	1880	1884
1887	1885	1891	1883	1879	1884	1873	1887	1887	1885	1886	1891	2048	1883	1888	1886
1884	1883	1882	1878	1881	1882	1883	1886	1888	1880	1863	1888	2050	1879	1885	1882
1885	1885	1864	1888	1882	1886	1887	1890	1888	1878	1879	1884	2047	1892	1884	1893
1876	1875	1879	1870	1878	1880	1884	1883	1872	1882	1872	1881	2044	1879	1887	1878
1892	1898	1890	1903	1897	1898	1895	1895	1897	1902	1893	1899	2041	1897	1887	1901
1882	1883	1880	1878	1880	1883	1882	1882	1881	1881	1895	1883	2044	1890	1892	1884
