0 000000000000  00000000000
1 000000000001  00000000001
2 000000000010  00000000011
3 000000000011  00000000010
4 000000000100  00000000110
5 000000000101  00000000111
6 000000000110  00000000101
7 000000000111  00000000100
8 000000001000  00000001100
9 000000001001  00000001101
10 000000001010  00000001111
11 000000001011  00000001110
12 000000001100  00000001010
13 000000001101  00000001011
14 000000001110  00000001001
15 000000001111  00000001000
16 000000010000  00000011000
17 000000010001  00000011001
18 000000010010  00000011011
19 000000010011  00000011010
20 000000010100  00000011110
21 000000010101  00000011111
22 000000010110  00000011101
23 000000010111  00000011100
24 000000011000  00000010100
25 000000011001  00000010101
26 000000011010  00000010111
27 000000011011  00000010110
28 000000011100  00000010010
29 000000011101  00000010011
30 000000011110  00000010001
31 000000011111  00000010000
32 000000100000  00000110000
33 000000100001  00000110001
34 000000100010  00000110011
35 000000100011  00000110010
36 000000100100  00000110110
37 000000100101  00000110111
38 000000100110  00000110101
39 000000100111  00000110100
40 000000101000  00000111100
41 000000101001  00000111101
42 000000101010  00000111111
43 000000101011  00000111110
44 000000101100  00000111010
45 000000101101  00000111011
46 000000101110  00000111001
47 000000101111  00000111000
48 000000110000  00000101000
49 000000110001  00000101001
50 000000110010  00000101011
51 000000110011  00000101010
52 000000110100  00000101110
53 000000110101  00000101111
54 000000110110  00000101101
55 000000110111  00000101100
56 000000111000  00000100100
57 000000111001  00000100101
58 000000111010  00000100111
59 000000111011  00000100110
60 000000111100  00000100010
61 000000111101  00000100011
62 000000111110  00000100001
63 000000111111  00000100000
64 000001000000  00001100000
65 000001000001  00001100001
66 000001000010  00001100011
67 000001000011  00001100010
68 000001000100  00001100110
69 000001000101  00001100111
70 000001000110  00001100101
71 000001000111  00001100100
72 000001001000  00001101100
73 000001001001  00001101101
74 000001001010  00001101111
75 000001001011  00001101110
76 000001001100  00001101010
77 000001001101  00001101011
78 000001001110  00001101001
79 000001001111  00001101000
80 000001010000  00001111000
81 000001010001  00001111001
82 000001010010  00001111011
83 000001010011  00001111010
84 000001010100  00001111110
85 000001010101  00001111111
86 000001010110  00001111101
87 000001010111  00001111100
88 000001011000  00001110100
89 000001011001  00001110101
90 000001011010  00001110111
91 000001011011  00001110110
92 000001011100  00001110010
93 000001011101  00001110011
94 000001011110  00001110001
95 000001011111  00001110000
96 000001100000  00001010000
97 000001100001  00001010001
98 000001100010  00001010011
99 000001100011  00001010010
100 000001100100  00001010110
101 000001100101  00001010111
102 000001100110  00001010101
103 000001100111  00001010100
104 000001101000  00001011100
105 000001101001  00001011101
106 000001101010  00001011111
107 000001101011  00001011110
108 000001101100  00001011010
109 000001101101  00001011011
110 000001101110  00001011001
111 000001101111  00001011000
112 000001110000  00001001000
113 000001110001  00001001001
114 000001110010  00001001011
115 000001110011  00001001010
116 000001110100  00001001110
117 000001110101  00001001111
118 000001110110  00001001101
119 000001110111  00001001100
120 000001111000  00001000100
121 000001111001  00001000101
122 000001111010  00001000111
123 000001111011  00001000110
124 000001111100  00001000010
125 000001111101  00001000011
126 000001111110  00001000001
127 000001111111  00001000000
128 000010000000  00011000000
129 000010000001  00011000001
130 000010000010  00011000011
131 000010000011  00011000010
132 000010000100  00011000110
133 000010000101  00011000111
134 000010000110  00011000101
135 000010000111  00011000100
136 000010001000  00011001100
137 000010001001  00011001101
138 000010001010  00011001111
139 000010001011  00011001110
140 000010001100  00011001010
141 000010001101  00011001011
142 000010001110  00011001001
143 000010001111  00011001000
144 000010010000  00011011000
145 000010010001  00011011001
146 000010010010  00011011011
147 000010010011  00011011010
148 000010010100  00011011110
149 000010010101  00011011111
150 000010010110  00011011101
151 000010010111  00011011100
152 000010011000  00011010100
153 000010011001  00011010101
154 000010011010  00011010111
155 000010011011  00011010110
156 000010011100  00011010010
157 000010011101  00011010011
158 000010011110  00011010001
159 000010011111  00011010000
160 000010100000  00011110000
161 000010100001  00011110001
162 000010100010  00011110011
163 000010100011  00011110010
164 000010100100  00011110110
165 000010100101  00011110111
166 000010100110  00011110101
167 000010100111  00011110100
168 000010101000  00011111100
169 000010101001  00011111101
170 000010101010  00011111111
171 000010101011  00011111110
172 000010101100  00011111010
173 000010101101  00011111011
174 000010101110  00011111001
175 000010101111  00011111000
176 000010110000  00011101000
177 000010110001  00011101001
178 000010110010  00011101011
179 000010110011  00011101010
180 000010110100  00011101110
181 000010110101  00011101111
182 000010110110  00011101101
183 000010110111  00011101100
184 000010111000  00011100100
185 000010111001  00011100101
186 000010111010  00011100111
187 000010111011  00011100110
188 000010111100  00011100010
189 000010111101  00011100011
190 000010111110  00011100001
191 000010111111  00011100000
192 000011000000  00010100000
193 000011000001  00010100001
194 000011000010  00010100011
195 000011000011  00010100010
196 000011000100  00010100110
197 000011000101  00010100111
198 000011000110  00010100101
199 000011000111  00010100100
200 000011001000  00010101100
201 000011001001  00010101101
202 000011001010  00010101111
203 000011001011  00010101110
204 000011001100  00010101010
205 000011001101  00010101011
206 000011001110  00010101001
207 000011001111  00010101000
208 000011010000  00010111000
209 000011010001  00010111001
210 000011010010  00010111011
211 000011010011  00010111010
212 000011010100  00010111110
213 000011010101  00010111111
214 000011010110  00010111101
215 000011010111  00010111100
216 000011011000  00010110100
217 000011011001  00010110101
218 000011011010  00010110111
219 000011011011  00010110110
220 000011011100  00010110010
221 000011011101  00010110011
222 000011011110  00010110001
223 000011011111  00010110000
224 000011100000  00010010000
225 000011100001  00010010001
226 000011100010  00010010011
227 000011100011  00010010010
228 000011100100  00010010110
229 000011100101  00010010111
230 000011100110  00010010101
231 000011100111  00010010100
232 000011101000  00010011100
233 000011101001  00010011101
234 000011101010  00010011111
235 000011101011  00010011110
236 000011101100  00010011010
237 000011101101  00010011011
238 000011101110  00010011001
239 000011101111  00010011000
240 000011110000  00010001000
241 000011110001  00010001001
242 000011110010  00010001011
243 000011110011  00010001010
244 000011110100  00010001110
245 000011110101  00010001111
246 000011110110  00010001101
247 000011110111  00010001100
248 000011111000  00010000100
249 000011111001  00010000101
250 000011111010  00010000111
251 000011111011  00010000110
252 000011111100  00010000010
253 000011111101  00010000011
254 000011111110  00010000001
255 000011111111  00010000000
256 000100000000  00110000000
257 000100000001  00110000001
258 000100000010  00110000011
259 000100000011  00110000010
260 000100000100  00110000110
261 000100000101  00110000111
262 000100000110  00110000101
263 000100000111  00110000100
264 000100001000  00110001100
265 000100001001  00110001101
266 000100001010  00110001111
267 000100001011  00110001110
268 000100001100  00110001010
269 000100001101  00110001011
270 000100001110  00110001001
271 000100001111  00110001000
272 000100010000  00110011000
273 000100010001  00110011001
274 000100010010  00110011011
275 000100010011  00110011010
276 000100010100  00110011110
277 000100010101  00110011111
278 000100010110  00110011101
279 000100010111  00110011100
280 000100011000  00110010100
281 000100011001  00110010101
282 000100011010  00110010111
283 000100011011  00110010110
284 000100011100  00110010010
285 000100011101  00110010011
286 000100011110  00110010001
287 000100011111  00110010000
288 000100100000  00110110000
289 000100100001  00110110001
290 000100100010  00110110011
291 000100100011  00110110010
292 000100100100  00110110110
293 000100100101  00110110111
294 000100100110  00110110101
295 000100100111  00110110100
296 000100101000  00110111100
297 000100101001  00110111101
298 000100101010  00110111111
299 000100101011  00110111110
300 000100101100  00110111010
301 000100101101  00110111011
302 000100101110  00110111001
303 000100101111  00110111000
304 000100110000  00110101000
305 000100110001  00110101001
306 000100110010  00110101011
307 000100110011  00110101010
308 000100110100  00110101110
309 000100110101  00110101111
310 000100110110  00110101101
311 000100110111  00110101100
312 000100111000  00110100100
313 000100111001  00110100101
314 000100111010  00110100111
315 000100111011  00110100110
316 000100111100  00110100010
317 000100111101  00110100011
318 000100111110  00110100001
319 000100111111  00110100000
320 000101000000  00111100000
321 000101000001  00111100001
322 000101000010  00111100011
323 000101000011  00111100010
324 000101000100  00111100110
325 000101000101  00111100111
326 000101000110  00111100101
327 000101000111  00111100100
328 000101001000  00111101100
329 000101001001  00111101101
330 000101001010  00111101111
331 000101001011  00111101110
332 000101001100  00111101010
333 000101001101  00111101011
334 000101001110  00111101001
335 000101001111  00111101000
336 000101010000  00111111000
337 000101010001  00111111001
338 000101010010  00111111011
339 000101010011  00111111010
340 000101010100  00111111110
341 000101010101  00111111111
342 000101010110  00111111101
343 000101010111  00111111100
344 000101011000  00111110100
345 000101011001  00111110101
346 000101011010  00111110111
347 000101011011  00111110110
348 000101011100  00111110010
349 000101011101  00111110011
350 000101011110  00111110001
351 000101011111  00111110000
352 000101100000  00111010000
353 000101100001  00111010001
354 000101100010  00111010011
355 000101100011  00111010010
356 000101100100  00111010110
357 000101100101  00111010111
358 000101100110  00111010101
359 000101100111  00111010100
360 000101101000  00111011100
361 000101101001  00111011101
362 000101101010  00111011111
363 000101101011  00111011110
364 000101101100  00111011010
365 000101101101  00111011011
366 000101101110  00111011001
367 000101101111  00111011000
368 000101110000  00111001000
369 000101110001  00111001001
370 000101110010  00111001011
371 000101110011  00111001010
372 000101110100  00111001110
373 000101110101  00111001111
374 000101110110  00111001101
375 000101110111  00111001100
376 000101111000  00111000100
377 000101111001  00111000101
378 000101111010  00111000111
379 000101111011  00111000110
380 000101111100  00111000010
381 000101111101  00111000011
382 000101111110  00111000001
383 000101111111  00111000000
384 000110000000  00101000000
385 000110000001  00101000001
386 000110000010  00101000011
387 000110000011  00101000010
388 000110000100  00101000110
389 000110000101  00101000111
390 000110000110  00101000101
391 000110000111  00101000100
392 000110001000  00101001100
393 000110001001  00101001101
394 000110001010  00101001111
395 000110001011  00101001110
396 000110001100  00101001010
397 000110001101  00101001011
398 000110001110  00101001001
399 000110001111  00101001000
400 000110010000  00101011000
401 000110010001  00101011001
402 000110010010  00101011011
403 000110010011  00101011010
404 000110010100  00101011110
405 000110010101  00101011111
406 000110010110  00101011101
407 000110010111  00101011100
408 000110011000  00101010100
409 000110011001  00101010101
410 000110011010  00101010111
411 000110011011  00101010110
412 000110011100  00101010010
413 000110011101  00101010011
414 000110011110  00101010001
415 000110011111  00101010000
416 000110100000  00101110000
417 000110100001  00101110001
418 000110100010  00101110011
419 000110100011  00101110010
420 000110100100  00101110110
421 000110100101  00101110111
422 000110100110  00101110101
423 000110100111  00101110100
424 000110101000  00101111100
425 000110101001  00101111101
426 000110101010  00101111111
427 000110101011  00101111110
428 000110101100  00101111010
429 000110101101  00101111011
430 000110101110  00101111001
431 000110101111  00101111000
432 000110110000  00101101000
433 000110110001  00101101001
434 000110110010  00101101011
435 000110110011  00101101010
436 000110110100  00101101110
437 000110110101  00101101111
438 000110110110  00101101101
439 000110110111  00101101100
440 000110111000  00101100100
441 000110111001  00101100101
442 000110111010  00101100111
443 000110111011  00101100110
444 000110111100  00101100010
445 000110111101  00101100011
446 000110111110  00101100001
447 000110111111  00101100000
448 000111000000  00100100000
449 000111000001  00100100001
450 000111000010  00100100011
451 000111000011  00100100010
452 000111000100  00100100110
453 000111000101  00100100111
454 000111000110  00100100101
455 000111000111  00100100100
456 000111001000  00100101100
457 000111001001  00100101101
458 000111001010  00100101111
459 000111001011  00100101110
460 000111001100  00100101010
461 000111001101  00100101011
462 000111001110  00100101001
463 000111001111  00100101000
464 000111010000  00100111000
465 000111010001  00100111001
466 000111010010  00100111011
467 000111010011  00100111010
468 000111010100  00100111110
469 000111010101  00100111111
470 000111010110  00100111101
471 000111010111  00100111100
472 000111011000  00100110100
473 000111011001  00100110101
474 000111011010  00100110111
475 000111011011  00100110110
476 000111011100  00100110010
477 000111011101  00100110011
478 000111011110  00100110001
479 000111011111  00100110000
480 000111100000  00100010000
481 000111100001  00100010001
482 000111100010  00100010011
483 000111100011  00100010010
484 000111100100  00100010110
485 000111100101  00100010111
486 000111100110  00100010101
487 000111100111  00100010100
488 000111101000  00100011100
489 000111101001  00100011101
490 000111101010  00100011111
491 000111101011  00100011110
492 000111101100  00100011010
493 000111101101  00100011011
494 000111101110  00100011001
495 000111101111  00100011000
496 000111110000  00100001000
497 000111110001  00100001001
498 000111110010  00100001011
499 000111110011  00100001010
500 000111110100  00100001110
501 000111110101  00100001111
502 000111110110  00100001101
503 000111110111  00100001100
504 000111111000  00100000100
505 000111111001  00100000101
506 000111111010  00100000111
507 000111111011  00100000110
508 000111111100  00100000010
509 000111111101  00100000011
510 000111111110  00100000001
511 000111111111  00100000000
512 001000000000  01100000000
513 001000000001  01100000001
514 001000000010  01100000011
515 001000000011  01100000010
516 001000000100  01100000110
517 001000000101  01100000111
518 001000000110  01100000101
519 001000000111  01100000100
520 001000001000  01100001100
521 001000001001  01100001101
522 001000001010  01100001111
523 001000001011  01100001110
524 001000001100  01100001010
525 001000001101  01100001011
526 001000001110  01100001001
527 001000001111  01100001000
528 001000010000  01100011000
529 001000010001  01100011001
530 001000010010  01100011011
531 001000010011  01100011010
532 001000010100  01100011110
533 001000010101  01100011111
534 001000010110  01100011101
535 001000010111  01100011100
536 001000011000  01100010100
537 001000011001  01100010101
538 001000011010  01100010111
539 001000011011  01100010110
540 001000011100  01100010010
541 001000011101  01100010011
542 001000011110  01100010001
543 001000011111  01100010000
544 001000100000  01100110000
545 001000100001  01100110001
546 001000100010  01100110011
547 001000100011  01100110010
548 001000100100  01100110110
549 001000100101  01100110111
550 001000100110  01100110101
551 001000100111  01100110100
552 001000101000  01100111100
553 001000101001  01100111101
554 001000101010  01100111111
555 001000101011  01100111110
556 001000101100  01100111010
557 001000101101  01100111011
558 001000101110  01100111001
559 001000101111  01100111000
560 001000110000  01100101000
561 001000110001  01100101001
562 001000110010  01100101011
563 001000110011  01100101010
564 001000110100  01100101110
565 001000110101  01100101111
566 001000110110  01100101101
567 001000110111  01100101100
568 001000111000  01100100100
569 001000111001  01100100101
570 001000111010  01100100111
571 001000111011  01100100110
572 001000111100  01100100010
573 001000111101  01100100011
574 001000111110  01100100001
575 001000111111  01100100000
576 001001000000  01101100000
577 001001000001  01101100001
578 001001000010  01101100011
579 001001000011  01101100010
580 001001000100  01101100110
581 001001000101  01101100111
582 001001000110  01101100101
583 001001000111  01101100100
584 001001001000  01101101100
585 001001001001  01101101101
586 001001001010  01101101111
587 001001001011  01101101110
588 001001001100  01101101010
589 001001001101  01101101011
590 001001001110  01101101001
591 001001001111  01101101000
592 001001010000  01101111000
593 001001010001  01101111001
594 001001010010  01101111011
595 001001010011  01101111010
596 001001010100  01101111110
597 001001010101  01101111111
598 001001010110  01101111101
599 001001010111  01101111100
600 001001011000  01101110100
601 001001011001  01101110101
602 001001011010  01101110111
603 001001011011  01101110110
604 001001011100  01101110010
605 001001011101  01101110011
606 001001011110  01101110001
607 001001011111  01101110000
608 001001100000  01101010000
609 001001100001  01101010001
610 001001100010  01101010011
611 001001100011  01101010010
612 001001100100  01101010110
613 001001100101  01101010111
614 001001100110  01101010101
615 001001100111  01101010100
616 001001101000  01101011100
617 001001101001  01101011101
618 001001101010  01101011111
619 001001101011  01101011110
620 001001101100  01101011010
621 001001101101  01101011011
622 001001101110  01101011001
623 001001101111  01101011000
624 001001110000  01101001000
625 001001110001  01101001001
626 001001110010  01101001011
627 001001110011  01101001010
628 001001110100  01101001110
629 001001110101  01101001111
630 001001110110  01101001101
631 001001110111  01101001100
632 001001111000  01101000100
633 001001111001  01101000101
634 001001111010  01101000111
635 001001111011  01101000110
636 001001111100  01101000010
637 001001111101  01101000011
638 001001111110  01101000001
639 001001111111  01101000000
640 001010000000  01111000000
641 001010000001  01111000001
642 001010000010  01111000011
643 001010000011  01111000010
644 001010000100  01111000110
645 001010000101  01111000111
646 001010000110  01111000101
647 001010000111  01111000100
648 001010001000  01111001100
649 001010001001  01111001101
650 001010001010  01111001111
651 001010001011  01111001110
652 001010001100  01111001010
653 001010001101  01111001011
654 001010001110  01111001001
655 001010001111  01111001000
656 001010010000  01111011000
657 001010010001  01111011001
658 001010010010  01111011011
659 001010010011  01111011010
660 001010010100  01111011110
661 001010010101  01111011111
662 001010010110  01111011101
663 001010010111  01111011100
664 001010011000  01111010100
665 001010011001  01111010101
666 001010011010  01111010111
667 001010011011  01111010110
668 001010011100  01111010010
669 001010011101  01111010011
670 001010011110  01111010001
671 001010011111  01111010000
672 001010100000  01111110000
673 001010100001  01111110001
674 001010100010  01111110011
675 001010100011  01111110010
676 001010100100  01111110110
677 001010100101  01111110111
678 001010100110  01111110101
679 001010100111  01111110100
680 001010101000  01111111100
681 001010101001  01111111101
682 001010101010  01111111111
683 001010101011  01111111110
684 001010101100  01111111010
685 001010101101  01111111011
686 001010101110  01111111001
687 001010101111  01111111000
688 001010110000  01111101000
689 001010110001  01111101001
690 001010110010  01111101011
691 001010110011  01111101010
692 001010110100  01111101110
693 001010110101  01111101111
694 001010110110  01111101101
695 001010110111  01111101100
696 001010111000  01111100100
697 001010111001  01111100101
698 001010111010  01111100111
699 001010111011  01111100110
700 001010111100  01111100010
701 001010111101  01111100011
702 001010111110  01111100001
703 001010111111  01111100000
704 001011000000  01110100000
705 001011000001  01110100001
706 001011000010  01110100011
707 001011000011  01110100010
708 001011000100  01110100110
709 001011000101  01110100111
710 001011000110  01110100101
711 001011000111  01110100100
712 001011001000  01110101100
713 001011001001  01110101101
714 001011001010  01110101111
715 001011001011  01110101110
716 001011001100  01110101010
717 001011001101  01110101011
718 001011001110  01110101001
719 001011001111  01110101000
720 001011010000  01110111000
721 001011010001  01110111001
722 001011010010  01110111011
723 001011010011  01110111010
724 001011010100  01110111110
725 001011010101  01110111111
726 001011010110  01110111101
727 001011010111  01110111100
728 001011011000  01110110100
729 001011011001  01110110101
730 001011011010  01110110111
731 001011011011  01110110110
732 001011011100  01110110010
733 001011011101  01110110011
734 001011011110  01110110001
735 001011011111  01110110000
736 001011100000  01110010000
737 001011100001  01110010001
738 001011100010  01110010011
739 001011100011  01110010010
740 001011100100  01110010110
741 001011100101  01110010111
742 001011100110  01110010101
743 001011100111  01110010100
744 001011101000  01110011100
745 001011101001  01110011101
746 001011101010  01110011111
747 001011101011  01110011110
748 001011101100  01110011010
749 001011101101  01110011011
750 001011101110  01110011001
751 001011101111  01110011000
752 001011110000  01110001000
753 001011110001  01110001001
754 001011110010  01110001011
755 001011110011  01110001010
756 001011110100  01110001110
757 001011110101  01110001111
758 001011110110  01110001101
759 001011110111  01110001100
760 001011111000  01110000100
761 001011111001  01110000101
762 001011111010  01110000111
763 001011111011  01110000110
764 001011111100  01110000010
765 001011111101  01110000011
766 001011111110  01110000001
767 001011111111  01110000000
768 001100000000  01010000000
769 001100000001  01010000001
770 001100000010  01010000011
771 001100000011  01010000010
772 001100000100  01010000110
773 001100000101  01010000111
774 001100000110  01010000101
775 001100000111  01010000100
776 001100001000  01010001100
777 001100001001  01010001101
778 001100001010  01010001111
779 001100001011  01010001110
780 001100001100  01010001010
781 001100001101  01010001011
782 001100001110  01010001001
783 001100001111  01010001000
784 001100010000  01010011000
785 001100010001  01010011001
786 001100010010  01010011011
787 001100010011  01010011010
788 001100010100  01010011110
789 001100010101  01010011111
790 001100010110  01010011101
791 001100010111  01010011100
792 001100011000  01010010100
793 001100011001  01010010101
794 001100011010  01010010111
795 001100011011  01010010110
796 001100011100  01010010010
797 001100011101  01010010011
798 001100011110  01010010001
799 001100011111  01010010000
800 001100100000  01010110000
801 001100100001  01010110001
802 001100100010  01010110011
803 001100100011  01010110010
804 001100100100  01010110110
805 001100100101  01010110111
806 001100100110  01010110101
807 001100100111  01010110100
808 001100101000  01010111100
809 001100101001  01010111101
810 001100101010  01010111111
811 001100101011  01010111110
812 001100101100  01010111010
813 001100101101  01010111011
814 001100101110  01010111001
815 001100101111  01010111000
816 001100110000  01010101000
817 001100110001  01010101001
818 001100110010  01010101011
819 001100110011  01010101010
820 001100110100  01010101110
821 001100110101  01010101111
822 001100110110  01010101101
823 001100110111  01010101100
824 001100111000  01010100100
825 001100111001  01010100101
826 001100111010  01010100111
827 001100111011  01010100110
828 001100111100  01010100010
829 001100111101  01010100011
830 001100111110  01010100001
831 001100111111  01010100000
832 001101000000  01011100000
833 001101000001  01011100001
834 001101000010  01011100011
835 001101000011  01011100010
836 001101000100  01011100110
837 001101000101  01011100111
838 001101000110  01011100101
839 001101000111  01011100100
840 001101001000  01011101100
841 001101001001  01011101101
842 001101001010  01011101111
843 001101001011  01011101110
844 001101001100  01011101010
845 001101001101  01011101011
846 001101001110  01011101001
847 001101001111  01011101000
848 001101010000  01011111000
849 001101010001  01011111001
850 001101010010  01011111011
851 001101010011  01011111010
852 001101010100  01011111110
853 001101010101  01011111111
854 001101010110  01011111101
855 001101010111  01011111100
856 001101011000  01011110100
857 001101011001  01011110101
858 001101011010  01011110111
859 001101011011  01011110110
860 001101011100  01011110010
861 001101011101  01011110011
862 001101011110  01011110001
863 001101011111  01011110000
864 001101100000  01011010000
865 001101100001  01011010001
866 001101100010  01011010011
867 001101100011  01011010010
868 001101100100  01011010110
869 001101100101  01011010111
870 001101100110  01011010101
871 001101100111  01011010100
872 001101101000  01011011100
873 001101101001  01011011101
874 001101101010  01011011111
875 001101101011  01011011110
876 001101101100  01011011010
877 001101101101  01011011011
878 001101101110  01011011001
879 001101101111  01011011000
880 001101110000  01011001000
881 001101110001  01011001001
882 001101110010  01011001011
883 001101110011  01011001010
884 001101110100  01011001110
885 001101110101  01011001111
886 001101110110  01011001101
887 001101110111  01011001100
888 001101111000  01011000100
889 001101111001  01011000101
890 001101111010  01011000111
891 001101111011  01011000110
892 001101111100  01011000010
893 001101111101  01011000011
894 001101111110  01011000001
895 001101111111  01011000000
896 001110000000  01001000000
897 001110000001  01001000001
898 001110000010  01001000011
899 001110000011  01001000010
900 001110000100  01001000110
901 001110000101  01001000111
902 001110000110  01001000101
903 001110000111  01001000100
904 001110001000  01001001100
905 001110001001  01001001101
906 001110001010  01001001111
907 001110001011  01001001110
908 001110001100  01001001010
909 001110001101  01001001011
910 001110001110  01001001001
911 001110001111  01001001000
912 001110010000  01001011000
913 001110010001  01001011001
914 001110010010  01001011011
915 001110010011  01001011010
916 001110010100  01001011110
917 001110010101  01001011111
918 001110010110  01001011101
919 001110010111  01001011100
920 001110011000  01001010100
921 001110011001  01001010101
922 001110011010  01001010111
923 001110011011  01001010110
924 001110011100  01001010010
925 001110011101  01001010011
926 001110011110  01001010001
927 001110011111  01001010000
928 001110100000  01001110000
929 001110100001  01001110001
930 001110100010  01001110011
931 001110100011  01001110010
932 001110100100  01001110110
933 001110100101  01001110111
934 001110100110  01001110101
935 001110100111  01001110100
936 001110101000  01001111100
937 001110101001  01001111101
938 001110101010  01001111111
939 001110101011  01001111110
940 001110101100  01001111010
941 001110101101  01001111011
942 001110101110  01001111001
943 001110101111  01001111000
944 001110110000  01001101000
945 001110110001  01001101001
946 001110110010  01001101011
947 001110110011  01001101010
948 001110110100  01001101110
949 001110110101  01001101111
950 001110110110  01001101101
951 001110110111  01001101100
952 001110111000  01001100100
953 001110111001  01001100101
954 001110111010  01001100111
955 001110111011  01001100110
956 001110111100  01001100010
957 001110111101  01001100011
958 001110111110  01001100001
959 001110111111  01001100000
960 001111000000  01000100000
961 001111000001  01000100001
962 001111000010  01000100011
963 001111000011  01000100010
964 001111000100  01000100110
965 001111000101  01000100111
966 001111000110  01000100101
967 001111000111  01000100100
968 001111001000  01000101100
969 001111001001  01000101101
970 001111001010  01000101111
971 001111001011  01000101110
972 001111001100  01000101010
973 001111001101  01000101011
974 001111001110  01000101001
975 001111001111  01000101000
976 001111010000  01000111000
977 001111010001  01000111001
978 001111010010  01000111011
979 001111010011  01000111010
980 001111010100  01000111110
981 001111010101  01000111111
982 001111010110  01000111101
983 001111010111  01000111100
984 001111011000  01000110100
985 001111011001  01000110101
986 001111011010  01000110111
987 001111011011  01000110110
988 001111011100  01000110010
989 001111011101  01000110011
990 001111011110  01000110001
991 001111011111  01000110000
992 001111100000  01000010000
993 001111100001  01000010001
994 001111100010  01000010011
995 001111100011  01000010010
996 001111100100  01000010110
997 001111100101  01000010111
998 001111100110  01000010101
999 001111100111  01000010100
1000 001111101000  01000011100
1001 001111101001  01000011101
1002 001111101010  01000011111
1003 001111101011  01000011110
1004 001111101100  01000011010
1005 001111101101  01000011011
1006 001111101110  01000011001
1007 001111101111  01000011000
1008 001111110000  01000001000
1009 001111110001  01000001001
1010 001111110010  01000001011
1011 001111110011  01000001010
1012 001111110100  01000001110
1013 001111110101  01000001111
1014 001111110110  01000001101
1015 001111110111  01000001100
1016 001111111000  01000000100
1017 001111111001  01000000101
1018 001111111010  01000000111
1019 001111111011  01000000110
1020 001111111100  01000000010
1021 001111111101  01000000011
1022 001111111110  01000000001
1023 001111111111  01000000000
1024 010000000000  11000000000
1025 010000000001  11000000001
1026 010000000010  11000000011
1027 010000000011  11000000010
1028 010000000100  11000000110
1029 010000000101  11000000111
1030 010000000110  11000000101
1031 010000000111  11000000100
1032 010000001000  11000001100
1033 010000001001  11000001101
1034 010000001010  11000001111
1035 010000001011  11000001110
1036 010000001100  11000001010
1037 010000001101  11000001011
1038 010000001110  11000001001
1039 010000001111  11000001000
1040 010000010000  11000011000
1041 010000010001  11000011001
1042 010000010010  11000011011
1043 010000010011  11000011010
1044 010000010100  11000011110
1045 010000010101  11000011111
1046 010000010110  11000011101
1047 010000010111  11000011100
1048 010000011000  11000010100
1049 010000011001  11000010101
1050 010000011010  11000010111
1051 010000011011  11000010110
1052 010000011100  11000010010
1053 010000011101  11000010011
1054 010000011110  11000010001
1055 010000011111  11000010000
1056 010000100000  11000110000
1057 010000100001  11000110001
1058 010000100010  11000110011
1059 010000100011  11000110010
1060 010000100100  11000110110
1061 010000100101  11000110111
1062 010000100110  11000110101
1063 010000100111  11000110100
1064 010000101000  11000111100
1065 010000101001  11000111101
1066 010000101010  11000111111
1067 010000101011  11000111110
1068 010000101100  11000111010
1069 010000101101  11000111011
1070 010000101110  11000111001
1071 010000101111  11000111000
1072 010000110000  11000101000
1073 010000110001  11000101001
1074 010000110010  11000101011
1075 010000110011  11000101010
1076 010000110100  11000101110
1077 010000110101  11000101111
1078 010000110110  11000101101
1079 010000110111  11000101100
1080 010000111000  11000100100
1081 010000111001  11000100101
1082 010000111010  11000100111
1083 010000111011  11000100110
1084 010000111100  11000100010
1085 010000111101  11000100011
1086 010000111110  11000100001
1087 010000111111  11000100000
1088 010001000000  11001100000
1089 010001000001  11001100001
1090 010001000010  11001100011
1091 010001000011  11001100010
1092 010001000100  11001100110
1093 010001000101  11001100111
1094 010001000110  11001100101
1095 010001000111  11001100100
1096 010001001000  11001101100
1097 010001001001  11001101101
1098 010001001010  11001101111
1099 010001001011  11001101110
1100 010001001100  11001101010
1101 010001001101  11001101011
1102 010001001110  11001101001
1103 010001001111  11001101000
1104 010001010000  11001111000
1105 010001010001  11001111001
1106 010001010010  11001111011
1107 010001010011  11001111010
1108 010001010100  11001111110
1109 010001010101  11001111111
1110 010001010110  11001111101
1111 010001010111  11001111100
1112 010001011000  11001110100
1113 010001011001  11001110101
1114 010001011010  11001110111
1115 010001011011  11001110110
1116 010001011100  11001110010
1117 010001011101  11001110011
1118 010001011110  11001110001
1119 010001011111  11001110000
1120 010001100000  11001010000
1121 010001100001  11001010001
1122 010001100010  11001010011
1123 010001100011  11001010010
1124 010001100100  11001010110
1125 010001100101  11001010111
1126 010001100110  11001010101
1127 010001100111  11001010100
1128 010001101000  11001011100
1129 010001101001  11001011101
1130 010001101010  11001011111
1131 010001101011  11001011110
1132 010001101100  11001011010
1133 010001101101  11001011011
1134 010001101110  11001011001
1135 010001101111  11001011000
1136 010001110000  11001001000
1137 010001110001  11001001001
1138 010001110010  11001001011
1139 010001110011  11001001010
1140 010001110100  11001001110
1141 010001110101  11001001111
1142 010001110110  11001001101
1143 010001110111  11001001100
1144 010001111000  11001000100
1145 010001111001  11001000101
1146 010001111010  11001000111
1147 010001111011  11001000110
1148 010001111100  11001000010
1149 010001111101  11001000011
1150 010001111110  11001000001
1151 010001111111  11001000000
1152 010010000000  11011000000
1153 010010000001  11011000001
1154 010010000010  11011000011
1155 010010000011  11011000010
1156 010010000100  11011000110
1157 010010000101  11011000111
1158 010010000110  11011000101
1159 010010000111  11011000100
1160 010010001000  11011001100
1161 010010001001  11011001101
1162 010010001010  11011001111
1163 010010001011  11011001110
1164 010010001100  11011001010
1165 010010001101  11011001011
1166 010010001110  11011001001
1167 010010001111  11011001000
1168 010010010000  11011011000
1169 010010010001  11011011001
1170 010010010010  11011011011
1171 010010010011  11011011010
1172 010010010100  11011011110
1173 010010010101  11011011111
1174 010010010110  11011011101
1175 010010010111  11011011100
1176 010010011000  11011010100
1177 010010011001  11011010101
1178 010010011010  11011010111
1179 010010011011  11011010110
1180 010010011100  11011010010
1181 010010011101  11011010011
1182 010010011110  11011010001
1183 010010011111  11011010000
1184 010010100000  11011110000
1185 010010100001  11011110001
1186 010010100010  11011110011
1187 010010100011  11011110010
1188 010010100100  11011110110
1189 010010100101  11011110111
1190 010010100110  11011110101
1191 010010100111  11011110100
1192 010010101000  11011111100
1193 010010101001  11011111101
1194 010010101010  11011111111
1195 010010101011  11011111110
1196 010010101100  11011111010
1197 010010101101  11011111011
1198 010010101110  11011111001
1199 010010101111  11011111000
1200 010010110000  11011101000
1201 010010110001  11011101001
1202 010010110010  11011101011
1203 010010110011  11011101010
1204 010010110100  11011101110
1205 010010110101  11011101111
1206 010010110110  11011101101
1207 010010110111  11011101100
1208 010010111000  11011100100
1209 010010111001  11011100101
1210 010010111010  11011100111
1211 010010111011  11011100110
1212 010010111100  11011100010
1213 010010111101  11011100011
1214 010010111110  11011100001
1215 010010111111  11011100000
1216 010011000000  11010100000
1217 010011000001  11010100001
1218 010011000010  11010100011
1219 010011000011  11010100010
1220 010011000100  11010100110
1221 010011000101  11010100111
1222 010011000110  11010100101
1223 010011000111  11010100100
1224 010011001000  11010101100
1225 010011001001  11010101101
1226 010011001010  11010101111
1227 010011001011  11010101110
1228 010011001100  11010101010
1229 010011001101  11010101011
1230 010011001110  11010101001
1231 010011001111  11010101000
1232 010011010000  11010111000
1233 010011010001  11010111001
1234 010011010010  11010111011
1235 010011010011  11010111010
1236 010011010100  11010111110
1237 010011010101  11010111111
1238 010011010110  11010111101
1239 010011010111  11010111100
1240 010011011000  11010110100
1241 010011011001  11010110101
1242 010011011010  11010110111
1243 010011011011  11010110110
1244 010011011100  11010110010
1245 010011011101  11010110011
1246 010011011110  11010110001
1247 010011011111  11010110000
1248 010011100000  11010010000
1249 010011100001  11010010001
1250 010011100010  11010010011
1251 010011100011  11010010010
1252 010011100100  11010010110
1253 010011100101  11010010111
1254 010011100110  11010010101
1255 010011100111  11010010100
1256 010011101000  11010011100
1257 010011101001  11010011101
1258 010011101010  11010011111
1259 010011101011  11010011110
1260 010011101100  11010011010
1261 010011101101  11010011011
1262 010011101110  11010011001
1263 010011101111  11010011000
1264 010011110000  11010001000
1265 010011110001  11010001001
1266 010011110010  11010001011
1267 010011110011  11010001010
1268 010011110100  11010001110
1269 010011110101  11010001111
1270 010011110110  11010001101
1271 010011110111  11010001100
1272 010011111000  11010000100
1273 010011111001  11010000101
1274 010011111010  11010000111
1275 010011111011  11010000110
1276 010011111100  11010000010
1277 010011111101  11010000011
1278 010011111110  11010000001
1279 010011111111  11010000000
1280 010100000000  11110000000
1281 010100000001  11110000001
1282 010100000010  11110000011
1283 010100000011  11110000010
1284 010100000100  11110000110
1285 010100000101  11110000111
1286 010100000110  11110000101
1287 010100000111  11110000100
1288 010100001000  11110001100
1289 010100001001  11110001101
1290 010100001010  11110001111
1291 010100001011  11110001110
1292 010100001100  11110001010
1293 010100001101  11110001011
1294 010100001110  11110001001
1295 010100001111  11110001000
1296 010100010000  11110011000
1297 010100010001  11110011001
1298 010100010010  11110011011
1299 010100010011  11110011010
1300 010100010100  11110011110
1301 010100010101  11110011111
1302 010100010110  11110011101
1303 010100010111  11110011100
1304 010100011000  11110010100
1305 010100011001  11110010101
1306 010100011010  11110010111
1307 010100011011  11110010110
1308 010100011100  11110010010
1309 010100011101  11110010011
1310 010100011110  11110010001
1311 010100011111  11110010000
1312 010100100000  11110110000
1313 010100100001  11110110001
1314 010100100010  11110110011
1315 010100100011  11110110010
1316 010100100100  11110110110
1317 010100100101  11110110111
1318 010100100110  11110110101
1319 010100100111  11110110100
1320 010100101000  11110111100
1321 010100101001  11110111101
1322 010100101010  11110111111
1323 010100101011  11110111110
1324 010100101100  11110111010
1325 010100101101  11110111011
1326 010100101110  11110111001
1327 010100101111  11110111000
1328 010100110000  11110101000
1329 010100110001  11110101001
1330 010100110010  11110101011
1331 010100110011  11110101010
1332 010100110100  11110101110
1333 010100110101  11110101111
1334 010100110110  11110101101
1335 010100110111  11110101100
1336 010100111000  11110100100
1337 010100111001  11110100101
1338 010100111010  11110100111
1339 010100111011  11110100110
1340 010100111100  11110100010
1341 010100111101  11110100011
1342 010100111110  11110100001
1343 010100111111  11110100000
1344 010101000000  11111100000
1345 010101000001  11111100001
1346 010101000010  11111100011
1347 010101000011  11111100010
1348 010101000100  11111100110
1349 010101000101  11111100111
1350 010101000110  11111100101
1351 010101000111  11111100100
1352 010101001000  11111101100
1353 010101001001  11111101101
1354 010101001010  11111101111
1355 010101001011  11111101110
1356 010101001100  11111101010
1357 010101001101  11111101011
1358 010101001110  11111101001
1359 010101001111  11111101000
1360 010101010000  11111111000
1361 010101010001  11111111001
1362 010101010010  11111111011
1363 010101010011  11111111010
1364 010101010100  11111111110
1365 010101010101  11111111111
1366 010101010110  11111111101
1367 010101010111  11111111100
1368 010101011000  11111110100
1369 010101011001  11111110101
1370 010101011010  11111110111
1371 010101011011  11111110110
1372 010101011100  11111110010
1373 010101011101  11111110011
1374 010101011110  11111110001
1375 010101011111  11111110000
1376 010101100000  11111010000
1377 010101100001  11111010001
1378 010101100010  11111010011
1379 010101100011  11111010010
1380 010101100100  11111010110
1381 010101100101  11111010111
1382 010101100110  11111010101
1383 010101100111  11111010100
1384 010101101000  11111011100
1385 010101101001  11111011101
1386 010101101010  11111011111
1387 010101101011  11111011110
1388 010101101100  11111011010
1389 010101101101  11111011011
1390 010101101110  11111011001
1391 010101101111  11111011000
1392 010101110000  11111001000
1393 010101110001  11111001001
1394 010101110010  11111001011
1395 010101110011  11111001010
1396 010101110100  11111001110
1397 010101110101  11111001111
1398 010101110110  11111001101
1399 010101110111  11111001100
1400 010101111000  11111000100
1401 010101111001  11111000101
1402 010101111010  11111000111
1403 010101111011  11111000110
1404 010101111100  11111000010
1405 010101111101  11111000011
1406 010101111110  11111000001
1407 010101111111  11111000000
1408 010110000000  11101000000
1409 010110000001  11101000001
1410 010110000010  11101000011
1411 010110000011  11101000010
1412 010110000100  11101000110
1413 010110000101  11101000111
1414 010110000110  11101000101
1415 010110000111  11101000100
1416 010110001000  11101001100
1417 010110001001  11101001101
1418 010110001010  11101001111
1419 010110001011  11101001110
1420 010110001100  11101001010
1421 010110001101  11101001011
1422 010110001110  11101001001
1423 010110001111  11101001000
1424 010110010000  11101011000
1425 010110010001  11101011001
1426 010110010010  11101011011
1427 010110010011  11101011010
1428 010110010100  11101011110
1429 010110010101  11101011111
1430 010110010110  11101011101
1431 010110010111  11101011100
1432 010110011000  11101010100
1433 010110011001  11101010101
1434 010110011010  11101010111
1435 010110011011  11101010110
1436 010110011100  11101010010
1437 010110011101  11101010011
1438 010110011110  11101010001
1439 010110011111  11101010000
1440 010110100000  11101110000
1441 010110100001  11101110001
1442 010110100010  11101110011
1443 010110100011  11101110010
1444 010110100100  11101110110
1445 010110100101  11101110111
1446 010110100110  11101110101
1447 010110100111  11101110100
1448 010110101000  11101111100
1449 010110101001  11101111101
1450 010110101010  11101111111
1451 010110101011  11101111110
1452 010110101100  11101111010
1453 010110101101  11101111011
1454 010110101110  11101111001
1455 010110101111  11101111000
1456 010110110000  11101101000
1457 010110110001  11101101001
1458 010110110010  11101101011
1459 010110110011  11101101010
1460 010110110100  11101101110
1461 010110110101  11101101111
1462 010110110110  11101101101
1463 010110110111  11101101100
1464 010110111000  11101100100
1465 010110111001  11101100101
1466 010110111010  11101100111
1467 010110111011  11101100110
1468 010110111100  11101100010
1469 010110111101  11101100011
1470 010110111110  11101100001
1471 010110111111  11101100000
1472 010111000000  11100100000
1473 010111000001  11100100001
1474 010111000010  11100100011
1475 010111000011  11100100010
1476 010111000100  11100100110
1477 010111000101  11100100111
1478 010111000110  11100100101
1479 010111000111  11100100100
1480 010111001000  11100101100
1481 010111001001  11100101101
1482 010111001010  11100101111
1483 010111001011  11100101110
1484 010111001100  11100101010
1485 010111001101  11100101011
1486 010111001110  11100101001
1487 010111001111  11100101000
1488 010111010000  11100111000
1489 010111010001  11100111001
1490 010111010010  11100111011
1491 010111010011  11100111010
1492 010111010100  11100111110
1493 010111010101  11100111111
1494 010111010110  11100111101
1495 010111010111  11100111100
1496 010111011000  11100110100
1497 010111011001  11100110101
1498 010111011010  11100110111
1499 010111011011  11100110110
1500 010111011100  11100110010
1501 010111011101  11100110011
1502 010111011110  11100110001
1503 010111011111  11100110000
1504 010111100000  11100010000
1505 010111100001  11100010001
1506 010111100010  11100010011
1507 010111100011  11100010010
1508 010111100100  11100010110
1509 010111100101  11100010111
1510 010111100110  11100010101
1511 010111100111  11100010100
1512 010111101000  11100011100
1513 010111101001  11100011101
1514 010111101010  11100011111
1515 010111101011  11100011110
1516 010111101100  11100011010
1517 010111101101  11100011011
1518 010111101110  11100011001
1519 010111101111  11100011000
1520 010111110000  11100001000
1521 010111110001  11100001001
1522 010111110010  11100001011
1523 010111110011  11100001010
1524 010111110100  11100001110
1525 010111110101  11100001111
1526 010111110110  11100001101
1527 010111110111  11100001100
1528 010111111000  11100000100
1529 010111111001  11100000101
1530 010111111010  11100000111
1531 010111111011  11100000110
1532 010111111100  11100000010
1533 010111111101  11100000011
1534 010111111110  11100000001
1535 010111111111  11100000000
1536 011000000000  10100000000
1537 011000000001  10100000001
1538 011000000010  10100000011
1539 011000000011  10100000010
1540 011000000100  10100000110
1541 011000000101  10100000111
1542 011000000110  10100000101
1543 011000000111  10100000100
1544 011000001000  10100001100
1545 011000001001  10100001101
1546 011000001010  10100001111
1547 011000001011  10100001110
1548 011000001100  10100001010
1549 011000001101  10100001011
1550 011000001110  10100001001
1551 011000001111  10100001000
1552 011000010000  10100011000
1553 011000010001  10100011001
1554 011000010010  10100011011
1555 011000010011  10100011010
1556 011000010100  10100011110
1557 011000010101  10100011111
1558 011000010110  10100011101
1559 011000010111  10100011100
1560 011000011000  10100010100
1561 011000011001  10100010101
1562 011000011010  10100010111
1563 011000011011  10100010110
1564 011000011100  10100010010
1565 011000011101  10100010011
1566 011000011110  10100010001
1567 011000011111  10100010000
1568 011000100000  10100110000
1569 011000100001  10100110001
1570 011000100010  10100110011
1571 011000100011  10100110010
1572 011000100100  10100110110
1573 011000100101  10100110111
1574 011000100110  10100110101
1575 011000100111  10100110100
1576 011000101000  10100111100
1577 011000101001  10100111101
1578 011000101010  10100111111
1579 011000101011  10100111110
1580 011000101100  10100111010
1581 011000101101  10100111011
1582 011000101110  10100111001
1583 011000101111  10100111000
1584 011000110000  10100101000
1585 011000110001  10100101001
1586 011000110010  10100101011
1587 011000110011  10100101010
1588 011000110100  10100101110
1589 011000110101  10100101111
1590 011000110110  10100101101
1591 011000110111  10100101100
1592 011000111000  10100100100
1593 011000111001  10100100101
1594 011000111010  10100100111
1595 011000111011  10100100110
1596 011000111100  10100100010
1597 011000111101  10100100011
1598 011000111110  10100100001
1599 011000111111  10100100000
1600 011001000000  10101100000
1601 011001000001  10101100001
1602 011001000010  10101100011
1603 011001000011  10101100010
1604 011001000100  10101100110
1605 011001000101  10101100111
1606 011001000110  10101100101
1607 011001000111  10101100100
1608 011001001000  10101101100
1609 011001001001  10101101101
1610 011001001010  10101101111
1611 011001001011  10101101110
1612 011001001100  10101101010
1613 011001001101  10101101011
1614 011001001110  10101101001
1615 011001001111  10101101000
1616 011001010000  10101111000
1617 011001010001  10101111001
1618 011001010010  10101111011
1619 011001010011  10101111010
1620 011001010100  10101111110
1621 011001010101  10101111111
1622 011001010110  10101111101
1623 011001010111  10101111100
1624 011001011000  10101110100
1625 011001011001  10101110101
1626 011001011010  10101110111
1627 011001011011  10101110110
1628 011001011100  10101110010
1629 011001011101  10101110011
1630 011001011110  10101110001
1631 011001011111  10101110000
1632 011001100000  10101010000
1633 011001100001  10101010001
1634 011001100010  10101010011
1635 011001100011  10101010010
1636 011001100100  10101010110
1637 011001100101  10101010111
1638 011001100110  10101010101
1639 011001100111  10101010100
1640 011001101000  10101011100
1641 011001101001  10101011101
1642 011001101010  10101011111
1643 011001101011  10101011110
1644 011001101100  10101011010
1645 011001101101  10101011011
1646 011001101110  10101011001
1647 011001101111  10101011000
1648 011001110000  10101001000
1649 011001110001  10101001001
1650 011001110010  10101001011
1651 011001110011  10101001010
1652 011001110100  10101001110
1653 011001110101  10101001111
1654 011001110110  10101001101
1655 011001110111  10101001100
1656 011001111000  10101000100
1657 011001111001  10101000101
1658 011001111010  10101000111
1659 011001111011  10101000110
1660 011001111100  10101000010
1661 011001111101  10101000011
1662 011001111110  10101000001
1663 011001111111  10101000000
1664 011010000000  10111000000
1665 011010000001  10111000001
1666 011010000010  10111000011
1667 011010000011  10111000010
1668 011010000100  10111000110
1669 011010000101  10111000111
1670 011010000110  10111000101
1671 011010000111  10111000100
1672 011010001000  10111001100
1673 011010001001  10111001101
1674 011010001010  10111001111
1675 011010001011  10111001110
1676 011010001100  10111001010
1677 011010001101  10111001011
1678 011010001110  10111001001
1679 011010001111  10111001000
1680 011010010000  10111011000
1681 011010010001  10111011001
1682 011010010010  10111011011
1683 011010010011  10111011010
1684 011010010100  10111011110
1685 011010010101  10111011111
1686 011010010110  10111011101
1687 011010010111  10111011100
1688 011010011000  10111010100
1689 011010011001  10111010101
1690 011010011010  10111010111
1691 011010011011  10111010110
1692 011010011100  10111010010
1693 011010011101  10111010011
1694 011010011110  10111010001
1695 011010011111  10111010000
1696 011010100000  10111110000
1697 011010100001  10111110001
1698 011010100010  10111110011
1699 011010100011  10111110010
1700 011010100100  10111110110
1701 011010100101  10111110111
1702 011010100110  10111110101
1703 011010100111  10111110100
1704 011010101000  10111111100
1705 011010101001  10111111101
1706 011010101010  10111111111
1707 011010101011  10111111110
1708 011010101100  10111111010
1709 011010101101  10111111011
1710 011010101110  10111111001
1711 011010101111  10111111000
1712 011010110000  10111101000
1713 011010110001  10111101001
1714 011010110010  10111101011
1715 011010110011  10111101010
1716 011010110100  10111101110
1717 011010110101  10111101111
1718 011010110110  10111101101
1719 011010110111  10111101100
1720 011010111000  10111100100
1721 011010111001  10111100101
1722 011010111010  10111100111
1723 011010111011  10111100110
1724 011010111100  10111100010
1725 011010111101  10111100011
1726 011010111110  10111100001
1727 011010111111  10111100000
1728 011011000000  10110100000
1729 011011000001  10110100001
1730 011011000010  10110100011
1731 011011000011  10110100010
1732 011011000100  10110100110
1733 011011000101  10110100111
1734 011011000110  10110100101
1735 011011000111  10110100100
1736 011011001000  10110101100
1737 011011001001  10110101101
1738 011011001010  10110101111
1739 011011001011  10110101110
1740 011011001100  10110101010
1741 011011001101  10110101011
1742 011011001110  10110101001
1743 011011001111  10110101000
1744 011011010000  10110111000
1745 011011010001  10110111001
1746 011011010010  10110111011
1747 011011010011  10110111010
1748 011011010100  10110111110
1749 011011010101  10110111111
1750 011011010110  10110111101
1751 011011010111  10110111100
1752 011011011000  10110110100
1753 011011011001  10110110101
1754 011011011010  10110110111
1755 011011011011  10110110110
1756 011011011100  10110110010
1757 011011011101  10110110011
1758 011011011110  10110110001
1759 011011011111  10110110000
1760 011011100000  10110010000
1761 011011100001  10110010001
1762 011011100010  10110010011
1763 011011100011  10110010010
1764 011011100100  10110010110
1765 011011100101  10110010111
1766 011011100110  10110010101
1767 011011100111  10110010100
1768 011011101000  10110011100
1769 011011101001  10110011101
1770 011011101010  10110011111
1771 011011101011  10110011110
1772 011011101100  10110011010
1773 011011101101  10110011011
1774 011011101110  10110011001
1775 011011101111  10110011000
1776 011011110000  10110001000
1777 011011110001  10110001001
1778 011011110010  10110001011
1779 011011110011  10110001010
1780 011011110100  10110001110
1781 011011110101  10110001111
1782 011011110110  10110001101
1783 011011110111  10110001100
1784 011011111000  10110000100
1785 011011111001  10110000101
1786 011011111010  10110000111
1787 011011111011  10110000110
1788 011011111100  10110000010
1789 011011111101  10110000011
1790 011011111110  10110000001
1791 011011111111  10110000000
1792 011100000000  10010000000
1793 011100000001  10010000001
1794 011100000010  10010000011
1795 011100000011  10010000010
1796 011100000100  10010000110
1797 011100000101  10010000111
1798 011100000110  10010000101
1799 011100000111  10010000100
1800 011100001000  10010001100
1801 011100001001  10010001101
1802 011100001010  10010001111
1803 011100001011  10010001110
1804 011100001100  10010001010
1805 011100001101  10010001011
1806 011100001110  10010001001
1807 011100001111  10010001000
1808 011100010000  10010011000
1809 011100010001  10010011001
1810 011100010010  10010011011
1811 011100010011  10010011010
1812 011100010100  10010011110
1813 011100010101  10010011111
1814 011100010110  10010011101
1815 011100010111  10010011100
1816 011100011000  10010010100
1817 011100011001  10010010101
1818 011100011010  10010010111
1819 011100011011  10010010110
1820 011100011100  10010010010
1821 011100011101  10010010011
1822 011100011110  10010010001
1823 011100011111  10010010000
1824 011100100000  10010110000
1825 011100100001  10010110001
1826 011100100010  10010110011
1827 011100100011  10010110010
1828 011100100100  10010110110
1829 011100100101  10010110111
1830 011100100110  10010110101
1831 011100100111  10010110100
1832 011100101000  10010111100
1833 011100101001  10010111101
1834 011100101010  10010111111
1835 011100101011  10010111110
1836 011100101100  10010111010
1837 011100101101  10010111011
1838 011100101110  10010111001
1839 011100101111  10010111000
1840 011100110000  10010101000
1841 011100110001  10010101001
1842 011100110010  10010101011
1843 011100110011  10010101010
1844 011100110100  10010101110
1845 011100110101  10010101111
1846 011100110110  10010101101
1847 011100110111  10010101100
1848 011100111000  10010100100
1849 011100111001  10010100101
1850 011100111010  10010100111
1851 011100111011  10010100110
1852 011100111100  10010100010
1853 011100111101  10010100011
1854 011100111110  10010100001
1855 011100111111  10010100000
1856 011101000000  10011100000
1857 011101000001  10011100001
1858 011101000010  10011100011
1859 011101000011  10011100010
1860 011101000100  10011100110
1861 011101000101  10011100111
1862 011101000110  10011100101
1863 011101000111  10011100100
1864 011101001000  10011101100
1865 011101001001  10011101101
1866 011101001010  10011101111
1867 011101001011  10011101110
1868 011101001100  10011101010
1869 011101001101  10011101011
1870 011101001110  10011101001
1871 011101001111  10011101000
1872 011101010000  10011111000
1873 011101010001  10011111001
1874 011101010010  10011111011
1875 011101010011  10011111010
1876 011101010100  10011111110
1877 011101010101  10011111111
1878 011101010110  10011111101
1879 011101010111  10011111100
1880 011101011000  10011110100
1881 011101011001  10011110101
1882 011101011010  10011110111
1883 011101011011  10011110110
1884 011101011100  10011110010
1885 011101011101  10011110011
1886 011101011110  10011110001
1887 011101011111  10011110000
1888 011101100000  10011010000
1889 011101100001  10011010001
1890 011101100010  10011010011
1891 011101100011  10011010010
1892 011101100100  10011010110
1893 011101100101  10011010111
1894 011101100110  10011010101
1895 011101100111  10011010100
1896 011101101000  10011011100
1897 011101101001  10011011101
1898 011101101010  10011011111
1899 011101101011  10011011110
1900 011101101100  10011011010
1901 011101101101  10011011011
1902 011101101110  10011011001
1903 011101101111  10011011000
1904 011101110000  10011001000
1905 011101110001  10011001001
1906 011101110010  10011001011
1907 011101110011  10011001010
1908 011101110100  10011001110
1909 011101110101  10011001111
1910 011101110110  10011001101
1911 011101110111  10011001100
1912 011101111000  10011000100
1913 011101111001  10011000101
1914 011101111010  10011000111
1915 011101111011  10011000110
1916 011101111100  10011000010
1917 011101111101  10011000011
1918 011101111110  10011000001
1919 011101111111  10011000000
1920 011110000000  10001000000
1921 011110000001  10001000001
1922 011110000010  10001000011
1923 011110000011  10001000010
1924 011110000100  10001000110
1925 011110000101  10001000111
1926 011110000110  10001000101
1927 011110000111  10001000100
1928 011110001000  10001001100
1929 011110001001  10001001101
1930 011110001010  10001001111
1931 011110001011  10001001110
1932 011110001100  10001001010
1933 011110001101  10001001011
1934 011110001110  10001001001
1935 011110001111  10001001000
1936 011110010000  10001011000
1937 011110010001  10001011001
1938 011110010010  10001011011
1939 011110010011  10001011010
1940 011110010100  10001011110
1941 011110010101  10001011111
1942 011110010110  10001011101
1943 011110010111  10001011100
1944 011110011000  10001010100
1945 011110011001  10001010101
1946 011110011010  10001010111
1947 011110011011  10001010110
1948 011110011100  10001010010
1949 011110011101  10001010011
1950 011110011110  10001010001
1951 011110011111  10001010000
1952 011110100000  10001110000
1953 011110100001  10001110001
1954 011110100010  10001110011
1955 011110100011  10001110010
1956 011110100100  10001110110
1957 011110100101  10001110111
1958 011110100110  10001110101
1959 011110100111  10001110100
1960 011110101000  10001111100
1961 011110101001  10001111101
1962 011110101010  10001111111
1963 011110101011  10001111110
1964 011110101100  10001111010
1965 011110101101  10001111011
1966 011110101110  10001111001
1967 011110101111  10001111000
1968 011110110000  10001101000
1969 011110110001  10001101001
1970 011110110010  10001101011
1971 011110110011  10001101010
1972 011110110100  10001101110
1973 011110110101  10001101111
1974 011110110110  10001101101
1975 011110110111  10001101100
1976 011110111000  10001100100
1977 011110111001  10001100101
1978 011110111010  10001100111
1979 011110111011  10001100110
1980 011110111100  10001100010
1981 011110111101  10001100011
1982 011110111110  10001100001
1983 011110111111  10001100000
1984 011111000000  10000100000
1985 011111000001  10000100001
1986 011111000010  10000100011
1987 011111000011  10000100010
1988 011111000100  10000100110
1989 011111000101  10000100111
1990 011111000110  10000100101
1991 011111000111  10000100100
1992 011111001000  10000101100
1993 011111001001  10000101101
1994 011111001010  10000101111
1995 011111001011  10000101110
1996 011111001100  10000101010
1997 011111001101  10000101011
1998 011111001110  10000101001
1999 011111001111  10000101000
2000 011111010000  10000111000
2001 011111010001  10000111001
2002 011111010010  10000111011
2003 011111010011  10000111010
2004 011111010100  10000111110
2005 011111010101  10000111111
2006 011111010110  10000111101
2007 011111010111  10000111100
2008 011111011000  10000110100
2009 011111011001  10000110101
2010 011111011010  10000110111
2011 011111011011  10000110110
2012 011111011100  10000110010
2013 011111011101  10000110011
2014 011111011110  10000110001
2015 011111011111  10000110000
2016 011111100000  10000010000
2017 011111100001  10000010001
2018 011111100010  10000010011
2019 011111100011  10000010010
2020 011111100100  10000010110
2021 011111100101  10000010111
2022 011111100110  10000010101
2023 011111100111  10000010100
2024 011111101000  10000011100
2025 011111101001  10000011101
2026 011111101010  10000011111
2027 011111101011  10000011110
2028 011111101100  10000011010
2029 011111101101  10000011011
2030 011111101110  10000011001
2031 011111101111  10000011000
2032 011111110000  10000001000
2033 011111110001  10000001001
2034 011111110010  10000001011
2035 011111110011  10000001010
2036 011111110100  10000001110
2037 011111110101  10000001111
2038 011111110110  10000001101
2039 011111110111  10000001100
2040 011111111000  10000000100
2041 011111111001  10000000101
2042 011111111010  10000000111
2043 011111111011  10000000110
2044 011111111100  10000000010
2045 011111111101  10000000011
2046 011111111110  10000000001
2047 011111111111  10000000000
