0 0 0
1 1 1
2 3 2
3 2 3
4 6 4
5 7 5
6 5 6
7 4 7
8 12 8
9 13 9
10 15 10
11 14 11
12 10 12
13 11 13
14 9 14
15 8 15
16 24 16
17 25 17
18 27 18
19 26 19
20 30 20
21 31 21
22 29 22
23 28 23
24 20 24
25 21 25
26 23 26
27 22 27
28 18 28
29 19 29
30 17 30
31 16 31
32 48 32
33 49 33
34 51 34
35 50 35
36 54 36
37 55 37
38 53 38
39 52 39
40 60 40
41 61 41
42 63 42
43 62 43
44 58 44
45 59 45
46 57 46
47 56 47
48 40 48
49 41 49
50 43 50
51 42 51
52 46 52
53 47 53
54 45 54
55 44 55
56 36 56
57 37 57
58 39 58
59 38 59
60 34 60
61 35 61
62 33 62
63 32 63
64 96 64
65 97 65
66 99 66
67 98 67
68 102 68
69 103 69
70 101 70
71 100 71
72 108 72
73 109 73
74 111 74
75 110 75
76 106 76
77 107 77
78 105 78
79 104 79
80 120 80
81 121 81
82 123 82
83 122 83
84 126 84
85 127 85
86 125 86
87 124 87
88 116 88
89 117 89
90 119 90
91 118 91
92 114 92
93 115 93
94 113 94
95 112 95
96 80 96
97 81 97
98 83 98
99 82 99
100 86 100
